0 0
0.01 0
0.0199955 0.000300842
0.0299909 0.000601711
0.0399808 0.00105282
0.0499627 0.00165402
0.0599344 0.00240509
0.0698938 0.00330574
0.0798385 0.00435562
0.0897664 0.0055543
0.0996753 0.00690133
0.109563 0.00839616
0.119427 0.0100382
0.129266 0.0118268
0.139077 0.0137613
0.148858 0.0158408
0.158608 0.0180646
0.168324 0.0204319
0.178004 0.0229416
0.187646 0.0255928
0.197248 0.0283846
0.206809 0.0313157
0.216326 0.0343852
0.225798 0.0375919
0.235223 0.0409345
0.244599 0.0444118
0.253924 0.0480225
0.263198 0.0517654
0.272417 0.055639
0.281581 0.0596419
0.290688 0.0637728
0.299736 0.0680302
0.308725 0.0724126
0.317652 0.0769185
0.326517 0.0815463
0.335317 0.0862945
0.344053 0.0911616
0.352722 0.0961458
0.361324 0.101246
0.369858 0.106459
0.378321 0.111785
0.386714 0.117222
0.395036 0.122768
0.403284 0.128421
0.41146 0.134179
0.419561 0.140042
0.427588 0.146006
0.435539 0.152071
0.443413 0.158235
0.451211 0.164496
0.458931 0.170852
0.466573 0.177302
0.474136 0.183844
0.481621 0.190475
0.489026 0.197196
0.496351 0.204003
0.503597 0.210896
0.510762 0.217872
0.517846 0.224929
0.524849 0.232067
0.531772 0.239284
0.538613 0.246577
0.545374 0.253946
0.552053 0.261389
0.55865 0.268903
0.565167 0.276489
0.571602 0.284143
0.577956 0.291865
0.584228 0.299653
0.59042 0.307505
0.596531 0.315421
0.602561 0.323398
0.608511 0.331436
0.614381 0.339532
0.62017 0.347685
0.62588 0.355895
0.63151 0.36416
0.637061 0.372477
0.642534 0.380847
0.647927 0.389268
0.653243 0.397738
0.658481 0.406256
0.663641 0.414822
0.668725 0.423433
0.673732 0.43209
0.678663 0.440789
0.683518 0.449531
0.688299 0.458315
0.693004 0.467139
0.697635 0.476002
0.702193 0.484903
0.706677 0.493841
0.711088 0.502815
0.715427 0.511825
0.719695 0.520869
0.723891 0.529946
0.728016 0.539055
0.732072 0.548196
0.736057 0.557367
0.739974 0.566568
0.743822 0.575798
0.747602 0.585057
0.751314 0.594342
0.75496 0.603654
0.758539 0.612991
0.762052 0.622354
0.7655 0.631741
0.768883 0.641151
0.772202 0.650584
0.775457 0.66004
0.778649 0.669517
0.781778 0.679014
0.784845 0.688532
0.787851 0.69807
0.790795 0.707627
0.793679 0.717202
0.796503 0.726795
0.799267 0.736405
0.801972 0.746032
0.804619 0.755676
0.807207 0.765335
0.809738 0.775009
0.812212 0.784699
0.814629 0.794402
0.81699 0.804119
0.819295 0.81385
0.821545 0.823594
0.82374 0.83335
0.825881 0.843118
0.827968 0.852898
0.830001 0.862689
0.831981 0.872491
0.833908 0.882303
0.835783 0.892126
0.837606 0.901958
0.839378 0.9118
0.841098 0.921651
0.842768 0.931511
0.844387 0.941379
0.845956 0.951255
0.847475 0.961139
0.848945 0.97103
0.850365 0.980929
0.851737 0.990834
0.85306 1.00075
0.854335 1.01066
0.855563 1.02059
0.856742 1.03052
0.857874 1.04046
0.858959 1.0504
0.859997 1.06034
0.860988 1.07029
0.861933 1.08025
0.862832 1.09021
0.863685 1.10017
0.864491 1.11014
0.865253 1.12011
0.865968 1.13008
0.866639 1.14006
0.867264 1.15004
0.867845 1.16003
0.86838 1.17001
0.868871 1.18
0.869318 1.18999
0.869719 1.19998
0.870077 1.20997
0.87039 1.21997
0.870659 1.22997
0.870884 1.23996
0.871065 1.24996
0.871201 1.25996
0.871294 1.26996
0.871343 1.27996
0.871348 1.28996
0.871309 1.29996
0.871226 1.30996
0.871099 1.31996
0.870929 1.32996
0.870714 1.33996
0.870455 1.34995
0.870152 1.35995
0.869805 1.36994
0.869414 1.37993
0.868979 1.38992
0.868499 1.39991
0.867975 1.4099
0.867406 1.41988
0.866792 1.42986
0.866134 1.43984