0 0
0.01 0
0.0199932 0.000368648
0.0299864 0.00073738
0.0399711 0.00129011
0.049944 0.00202664
0.0599015 0.00294663
0.0698405 0.00404962
0.0797576 0.00533503
0.0896494 0.0068022
0.0995126 0.00845036
0.109344 0.0102786
0.11914 0.0122861
0.128899 0.0144717
0.138616 0.0168342
0.148288 0.0193724
0.157913 0.0220851
0.167488 0.0249707
0.177009 0.0280278
0.186474 0.0312548
0.19588 0.03465
0.205224 0.0382117
0.214504 0.0419381
0.223717 0.0458273
0.23286 0.0498774
0.241931 0.0540863
0.250928 0.058452
0.259848 0.0629723
0.268689 0.067645
0.277449 0.0724679
0.286126 0.0774387
0.294718 0.082555
0.303223 0.0878145
0.31164 0.0932147
0.319966 0.0987532
0.3282 0.104427
0.336341 0.110235
0.344387 0.116173
0.352337 0.12224
0.360189 0.128432
0.367943 0.134746
0.375597 0.141182
0.383151 0.147734
0.390604 0.154402
0.397954 0.161183
0.405201 0.168073
0.412346 0.17507
0.419386 0.182171
0.426322 0.189375
0.433154 0.196678
0.439881 0.204077
0.446502 0.21157
0.453019 0.219155
0.459431 0.226829
0.465739 0.234589
0.471941 0.242433
0.47804 0.250358
0.484034 0.258362
0.489925 0.266443
0.495713 0.274598
0.501399 0.282824
0.506983 0.29112
0.512465 0.299483
0.517848 0.307911
0.523131 0.316401
0.528316 0.324952
0.533404 0.333561
0.538395 0.342226
0.543291 0.350946
0.548093 0.359717
0.552802 0.368539
0.557419 0.377409
0.561947 0.386326
0.566385 0.395287
0.570736 0.40429
0.575002 0.413335
0.579183 0.422419
0.583281 0.431541
0.587299 0.440698
0.591236 0.44989
0.595097 0.459115
0.598881 0.468372
0.602591 0.477658
0.606228 0.486973
0.609795 0.496315
0.613293 0.505683
0.616725 0.515076
0.620091 0.524492
0.623395 0.533931
0.626638 0.54339
0.629822 0.55287
0.63295 0.562368
0.636022 0.571885
0.639042 0.581418
0.642011 0.590967
0.644932 0.600531
0.647807 0.610109
0.650637 0.6197
0.653425 0.629303
0.656174 0.638918
0.658885 0.648543
0.661561 0.658179
0.664203 0.667823
0.666815 0.677476
0.669397 0.687137
0.671954 0.696805
0.674486 0.706479
0.676996 0.716159
0.679486 0.725844
0.681959 0.735533
0.684417 0.745226
0.686862 0.754923
0.689297 0.764622
0.691723 0.774323
0.694143 0.784026
0.696559 0.79373
0.698973 0.803434
0.701389 0.813138
0.703807 0.822841
0.706231 0.832543
0.708662 0.842243
0.711103 0.85194
0.713556 0.861635
0.716023 0.871326
0.718507 0.881012
0.721009 0.890694
0.723532 0.900371
0.726078 0.910041
0.728649 0.919705
0.731247 0.929362
0.733875 0.93901
0.736535 0.94865
0.739228 0.95828
0.741957 0.967901
0.744724 0.977511
0.74753 0.987109
0.750378 0.996694
0.753271 1.00627
0.756209 1.01583
0.759194 1.02537
0.76223 1.0349
0.765317 1.04441
0.768457 1.0539
0.771653 1.06338
0.774905 1.07284
0.778216 1.08227
0.781588 1.09169
0.785022 1.10108
0.78852 1.11045
0.792083 1.11979
0.795713 1.12911
0.799411 1.1384
0.80318 1.14766
0.80702 1.15689
0.810933 1.1661
0.81492 1.17527
0.818983 1.18441
0.823123 1.19351
0.82734 1.20258
0.831637 1.21161
0.836014 1.2206
0.840473 1.22955
0.845014 1.23846
0.849638 1.24732
0.854347 1.25615
0.859141 1.26492
0.864021 1.27365
0.868987 1.28233
0.874042 1.29096
0.879184 1.29953
0.884415 1.30806
0.889735 1.31652
0.895145 1.32493
0.900645 1.33329
0.906236 1.34158
0.911918 1.34981
0.91769 1.35797
0.923554 1.36607
0.92951 1.37411
0.935557 1.38207
0.941695 1.38996
0.947925 1.39779
0.954247 1.40554
0.960659 1.41321
0.967163 1.4208
0.973758 1.42832
0.980443 1.43576
0.987218 1.44311
0.994083 1.45039