0 0
0.01 0
0.0199915 0.000412765
0.029983 0.000825646
0.0399638 0.0014445
0.0499297 0.0022691
0.0598766 0.003299
0.0698 0.00453365
0.079696 0.00597233
0.0895603 0.00761423
0.0993888 0.00945841
0.109177 0.0115038
0.118922 0.0137493
0.128619 0.0161934
0.138264 0.018835
0.147853 0.0216723
0.157382 0.0247039
0.166848 0.0279279
0.176247 0.0313426
0.185575 0.0349459
0.194829 0.038736
0.204005 0.0427106
0.2131 0.0468675
0.222111 0.0512045
0.231034 0.0557191
0.239866 0.0604089
0.248604 0.0652713
0.257246 0.0703038
0.265787 0.0755037
0.274227 0.0808681
0.282561 0.0863944
0.290788 0.0920796
0.298904 0.0979209
0.306909 0.103915
0.314798 0.11006
0.322571 0.116351
0.330225 0.122786
0.337759 0.129363
0.34517 0.136077
0.352457 0.142925
0.359618 0.149905
0.366652 0.157013
0.373557 0.164246
0.380333 0.1716
0.386978 0.179073
0.39349 0.186662
0.39987 0.194362
0.406117 0.202171
0.412229 0.210086
0.418205 0.218103
0.424047 0.22622
0.429752 0.234433
0.435321 0.242738
0.440754 0.251134
0.446051 0.259616
0.45121 0.268182
0.456234 0.276829
0.461121 0.285553
0.465872 0.294353
0.470487 0.303224
0.474967 0.312164
0.479313 0.321171
0.483524 0.33024
0.487603 0.339371
0.491548 0.34856
0.495362 0.357804
0.499044 0.367101
0.502597 0.376449
0.506021 0.385844
0.509318 0.395285
0.512488 0.40477
0.515532 0.414295
0.518453 0.423859
0.521251 0.43346
0.523928 0.443095
0.526485 0.452762
0.528924 0.46246
0.531246 0.472187
0.533454 0.48194
0.535548 0.491718
0.537531 0.50152
0.539404 0.511343
0.541169 0.521186
0.542828 0.531047
0.544383 0.540926
0.545835 0.55082
0.547187 0.560728
0.548441 0.570649
0.549599 0.580582
0.550662 0.590525
0.551633 0.600478
0.552515 0.610439
0.553308 0.620407
0.554015 0.630382
0.55464 0.640363
0.555182 0.650348
0.555646 0.660337
0.556033 0.67033
0.556345 0.680325
0.556585 0.690322
0.556756 0.70032
0.556858 0.71032
0.556896 0.72032
0.556871 0.73032
0.556785 0.740319
0.556641 0.750318
0.556442 0.760316
0.556189 0.770313
0.555886 0.780309
0.555534 0.790302
0.555137 0.800294
0.554696 0.810285
0.554215 0.820273
0.553695 0.83026
0.553139 0.840244
0.55255 0.850227
0.551931 0.860208
0.551283 0.870187
0.55061 0.880164
0.549914 0.89014
0.549197 0.900114
0.548463 0.910087
0.547713 0.920059
0.546951 0.93003
0.546179 0.94
0.545399 0.949969
0.544615 0.959939
0.543828 0.969908
0.543042 0.979877
0.54226 0.989846
0.541483 0.999816
0.540714 1.00979
0.539957 1.01976
0.539214 1.02973
0.538487 1.0397
0.537779 1.04968
0.537093 1.05965
0.536432 1.06963
0.535798 1.07961
0.535194 1.08959
0.534622 1.09958
0.534085 1.10956
0.533586 1.11955
0.533127 1.12954
0.532711 1.13953
0.532341 1.14953
0.532019 1.15952
0.531748 1.16952
0.53153 1.17951
0.531368 1.18951
0.531264 1.19951
0.531221 1.20951
0.531241 1.21951
0.531327 1.22951
0.531481 1.23951
0.531705 1.24951
0.532002 1.2595
0.532374 1.2695
0.532823 1.27949
0.533352 1.28947
0.533962 1.29945
0.534655 1.30943
0.535434 1.3194
0.536301 1.32936
0.537257 1.33932
0.538304 1.34926
0.539444 1.3592
0.54068 1.36912
0.542011 1.37903
0.543441 1.38893
0.544971 1.39881
0.546601 1.40868
0.548334 1.41852
0.55017 1.42835
0.552112 1.43816
0.554159 1.44795
0.556314 1.45772
0.558576 1.46746
0.560948 1.47717
0.56343 1.48686
0.566022 1.49652
0.568725 1.50615
0.57154 1.51574
0.574468 1.5253
0.577508 1.53483
0.580662 1.54432
0.583929 1.55377
0.58731 1.56318
0.590804 1.57255