0 0
0.01 0
0.0199926 0.000385113
0.0299852 0.000770279
0.0399685 0.0013476
0.0499389 0.00211678
0.0598926 0.00307733
0.0698261 0.00422861
0.0797358 0.00556987
0.089618 0.00710021
0.0994692 0.00881862
0.109286 0.010724
0.119065 0.012815
0.128803 0.0150902
0.138496 0.0175483
0.148141 0.0201876
0.157736 0.0230063
0.167276 0.0260027
0.17676 0.0291749
0.186184 0.0325207
0.195544 0.0360383
0.20484 0.0397253
0.214067 0.0435795
0.223224 0.0475986
0.232308 0.0517802
0.241316 0.0561218
0.250247 0.0606209
0.259098 0.0652749
0.267867 0.0700812
0.276553 0.0750371
0.285153 0.0801398
0.293666 0.0853868
0.30209 0.0907751
0.310424 0.096302
0.318666 0.101965
0.326815 0.10776
0.334871 0.113686
0.342831 0.119739
0.350695 0.125916
0.358462 0.132215
0.366131 0.138632
0.373701 0.145166
0.381173 0.151812
0.388545 0.158568
0.395817 0.165432
0.402989 0.172401
0.410061 0.179472
0.417032 0.186642
0.423902 0.193908
0.430672 0.201268
0.43734 0.20872
0.443909 0.21626
0.450377 0.223887
0.456745 0.231597
0.463014 0.239388
0.469183 0.247258
0.475254 0.255205
0.481226 0.263225
0.487101 0.271318
0.492878 0.27948
0.498559 0.28771
0.504145 0.296004
0.509635 0.304362
0.515031 0.312781
0.520334 0.32126
0.525544 0.329795
0.530663 0.338386
0.53569 0.34703
0.540628 0.355726
0.545477 0.364472
0.550238 0.373266
0.554912 0.382106
0.5595 0.390991
0.564004 0.39992
0.568423 0.408891
0.572759 0.417901
0.577014 0.426951
0.581188 0.436038
0.585283 0.445162
0.589299 0.45432
0.593237 0.463511
0.5971 0.472736
0.600887 0.481991
0.604599 0.491276
0.608239 0.50059
0.611807 0.509932
0.615304 0.5193
0.618732 0.528695
0.62209 0.538114
0.625381 0.547557
0.628606 0.557023
0.631765 0.56651
0.63486 0.576019
0.637892 0.585549
0.640861 0.595098
0.643769 0.604666
0.646617 0.614252
0.649405 0.623855
0.652136 0.633475
0.654809 0.643111
0.657427 0.652762
0.659989 0.662429
0.662497 0.672109
0.664951 0.681803
0.667353 0.69151
0.669704 0.70123
0.672005 0.710962
0.674256 0.720705
0.676458 0.73046
0.678612 0.740225
0.68072 0.75
0.682781 0.759785
0.684797 0.76958
0.686769 0.779384
0.688698 0.789196
0.690583 0.799017
0.692427 0.808845
0.694229 0.818682
0.695991 0.828525
0.697713 0.838376
0.699396 0.848233
0.701041 0.858097
0.702648 0.867967
0.704219 0.877843
0.705753 0.887724
0.707252 0.897611
0.708716 0.907504
0.710146 0.917401
0.711542 0.927303
0.712905 0.937209
0.714236 0.94712
0.715536 0.957036
0.716804 0.966955
0.718041 0.976878
0.719249 0.986805
0.720427 0.996735
0.721576 1.00667
0.722697 1.01661
0.723789 1.02655
0.724855 1.03649
0.725893 1.04644
0.726905 1.05638
0.727891 1.06634
0.728852 1.07629
0.729787 1.08625
0.730698 1.0962
0.731584 1.10616
0.732447 1.11613
0.733286 1.12609
0.734103 1.13606
0.734896 1.14603
0.735668 1.156
0.736417 1.16597
0.737145 1.17594
0.737852 1.18592
0.738538 1.19589
0.739203 1.20587
0.739849 1.21585
0.740474 1.22583
0.74108 1.23581
0.741666 1.2458
0.742233 1.25578
0.742782 1.26576
0.743312 1.27575
0.743824 1.28574
0.744318 1.29572
0.744794 1.30571
0.745252 1.3157
0.745693 1.32569
0.746118 1.33568
0.746525 1.34568
0.746915 1.35567
0.747289 1.36566
0.747647 1.37566
0.747989 1.38565
0.748314 1.39564
0.748624 1.40564
0.748918 1.41563
0.749197 1.42563
0.74946 1.43563
0.749708 1.44562
0.749941 1.45562
0.750159 1.46562
0.750362 1.47562
0.75055 1.48562
0.750724 1.49561
0.750883 1.50561
0.751027 1.51561
0.751157 1.52561