0 0
0.01 0
0.019995 0.000314909
0.0299901 0.000629869
0.0399789 0.00110207
0.0499591 0.00173139
0.0599281 0.0025176
0.0698836 0.00346039
0.079823 0.00455939
0.089744 0.00581417
0.0996441 0.00722423
0.109521 0.00878899
0.119372 0.0105078
0.129195 0.01238
0.138988 0.0144048
0.148748 0.0165815
0.158474 0.018909
0.168162 0.0213865
0.177811 0.024013
0.187418 0.0267874
0.196982 0.0297087
0.2065 0.0327756
0.215971 0.0359869
0.225391 0.0393415
0.23476 0.0428379
0.244075 0.0464747
0.253335 0.0502507
0.262537 0.0541644
0.27168 0.0582141
0.280763 0.0623985
0.289783 0.0667159
0.298739 0.0711647
0.307629 0.0757433
0.316452 0.0804499
0.325207 0.085283
0.333891 0.0902406
0.342505 0.0953212
0.351045 0.100523
0.359512 0.105844
0.367904 0.111282
0.37622 0.116836
0.384459 0.122503
0.39262 0.128282
0.400702 0.134171
0.408705 0.140168
0.416626 0.146271
0.424467 0.152478
0.432226 0.158787
0.439902 0.165196
0.447495 0.171703
0.455004 0.178307
0.46243 0.185004
0.469772 0.191794
0.477028 0.198674
0.4842 0.205643
0.491287 0.212698
0.498289 0.219838
0.505206 0.22706
0.512038 0.234362
0.518784 0.241744
0.525446 0.249202
0.532023 0.256735
0.538515 0.264341
0.544922 0.272018
0.551246 0.279765
0.557486 0.287579
0.563643 0.295459
0.569717 0.303403
0.575709 0.311409
0.581619 0.319476
0.587448 0.327601
0.593197 0.335783
0.598866 0.344021
0.604456 0.352313
0.609968 0.360657
0.615403 0.369051
0.620761 0.377494
0.626044 0.385985
0.631252 0.394522
0.636387 0.403103
0.641449 0.411727
0.646439 0.420393
0.651359 0.429098
0.65621 0.437843
0.660993 0.446625
0.665709 0.455443
0.670359 0.464296
0.674945 0.473183
0.679467 0.482102
0.683928 0.491052
0.688328 0.500032
0.692669 0.509041
0.696952 0.518077
0.701179 0.52714
0.70535 0.536228
0.709468 0.545341
0.713535 0.554477
0.71755 0.563635
0.721516 0.572815
0.725435 0.582015
0.729308 0.591235
0.733136 0.600473
0.736922 0.609729
0.740666 0.619001
0.74437 0.62829
0.748037 0.637593
0.751667 0.646911
0.755261 0.656243
0.758823 0.665587
0.762353 0.674943
0.765854 0.684311
0.769326 0.693688
0.772771 0.703076
0.776192 0.712473
0.77959 0.721878
0.782966 0.731291
0.786322 0.740711
0.789661 0.750137
0.792983 0.759569
0.79629 0.769006
0.799585 0.778448
0.802868 0.787894
0.806142 0.797343
0.809408 0.806794
0.812668 0.816248
0.815924 0.825703
0.819178 0.835159
0.82243 0.844615
0.825684 0.854071
0.828939 0.863526
0.8322 0.87298
0.835466 0.882431
0.83874 0.89188
0.842023 0.901326
0.845317 0.910768
0.848624 0.920205
0.851946 0.929637
0.855283 0.939064
0.858638 0.948484
0.862013 0.957898
0.865409 0.967304
0.868827 0.976701
0.872269 0.98609
0.875737 0.995469
0.879233 1.00484
0.882758 1.0142
0.886313 1.02354
0.8899 1.03288
0.893521 1.0422
0.897177 1.05151
0.900869 1.0608
0.904599 1.07008
0.908369 1.07934
0.91218 1.08859
0.916034 1.09781
0.919931 1.10702
0.923873 1.11621
0.927862 1.12538
0.931898 1.13453
0.935984 1.14366
0.94012 1.15276
0.944307 1.16185
0.948548 1.1709
0.952842 1.17993
0.957192 1.18894
0.961598 1.19791
0.966062 1.20686
0.970584 1.21578
0.975166 1.22467
0.979809 1.23353
0.984513 1.24235
0.98928 1.25114
0.994111 1.2599
0.999006 1.26862
1.00397 1.2773
1.00899 1.28595
1.01409 1.29455
1.01925 1.30312
1.02448 1.31164
1.02978 1.32012
1.03515 1.32856
1.04059 1.33695
1.0461 1.34529
1.05168 1.35359
1.05733 1.36184
1.06306 1.37003
1.06886 1.37818
1.07473 1.38627
1.08068 1.39431